MODEL=resnet56
CLASSNUM=10
RATE=0.3
TOP1=0.5886418
TOP5=0.9490685
PARAM=0.901
FLOP=268.89