MODEL=vgg16
CLASSNUM=100
RATE=0.3
TOP1=0.3109224
TOP5=0.5842097
PARAM=14.774
FLOP=628.96