MODEL=resnet56
CLASSNUM=100
RATE=0.3
TOP1=0.1291316
TOP5=0.330754
PARAM=0.907
FLOP=268.90