MODEL=vgg16
CLASSNUM=10
RATE=0.3
TOP1=0.74722053
TOP5=0.9821965
PARAM=14.728
FLOP=628.87